OBJECT_NAME=input_dpad
OBJECT_TYPE=INPUT_AREA
TEXTURE=uvgrid
SHADER=tex_shader
NUM_ELEMENTS=90
POS_OFFSET=0
NRM_OFFSET=-1
TXC_OFFSET=12
ELEMENT_STRIDE=20
NRM_SIZE=3
POS_SIZE=3
TXC_SIZE=2
Z_OFFSET=0
HULL=-68.893127,-494.415497,3.440131,-37.125450,-533.112000,3.440131,-13.525676,-577.264160,3.440131,1.002077,-625.172913,3.440131,5.912201,-674.999023,3.440131,1.002077,-724.825134,3.440131,-13.525676,-772.733887,3.440131,-37.125450,-816.886047,3.440131,-68.893127,-855.582581,3.440131,-107.597435,-887.350220,3.440131,-151.741837,-910.950012,3.440131,-199.658432,-925.477783,3.440131,-249.476715,-930.387878,3.440131,-107.597435,-462.647766,3.440131,-151.741837,-439.047943,3.440131,-199.658432,-424.520203,3.440131,-249.476715,-419.610077,3.440131,-299.295013,-424.520203,3.440131,-347.211609,-439.047943,3.440131,-391.355988,-462.647766,3.440131,-430.060303,-494.415497,3.440131,-461.827972,-533.112000,3.440131,-485.427765,-577.264160,3.440131,-499.955505,-625.172913,3.440131,-504.865631,-674.999023,3.440131,-499.955505,-724.825134,3.440131,-485.427765,-772.733887,3.440131,-461.827972,-816.886047,3.440131,-430.060303,-855.590332,3.440131,-391.355988,-887.350220,3.440131,-347.211609,-910.950012,3.440131,-299.295013,-925.477783,3.440131
COMMAND=DIR_CONTROL