OBJECT_NAME=input_firebutton
OBJECT_TYPE=INPUT_AREA
TEXTURE=uvgrid
SHADER=tex_shader
NUM_ELEMENTS=90
POS_OFFSET=0
NRM_OFFSET=-1
TXC_OFFSET=12
ELEMENT_STRIDE=20
NRM_SIZE=3
POS_SIZE=3
TXC_SIZE=2
Z_OFFSET=0
HULL=452.972046,-757.385437,1.146884,463.562836,-770.286255,1.146884,471.430664,-785.005859,1.146884,476.273956,-800.977905,1.146884,477.910919,-817.589111,1.146884,476.273956,-834.200256,1.146884,471.430664,-850.172302,1.146884,463.562836,-864.891907,1.146884,452.972046,-877.792786,1.146884,440.068634,-888.383606,1.146884,425.351624,-896.251282,1.146884,409.376984,-901.094666,1.146884,392.768402,-902.731628,1.146884,440.068634,-746.794617,1.146884,425.351624,-738.926880,1.146884,409.376984,-734.083496,1.146884,392.768402,-732.446533,1.146884,376.159760,-734.083496,1.146884,360.185181,-738.926880,1.146884,345.468140,-746.794617,1.146884,332.564728,-757.385437,1.146884,321.973907,-770.286255,1.146884,314.106140,-785.005859,1.146884,309.262817,-800.977905,1.146884,307.625854,-817.589111,1.146884,309.262817,-834.200256,1.146884,314.106140,-850.172302,1.146884,321.973907,-864.891907,1.146884,332.564728,-877.795288,1.146884,345.468140,-888.383606,1.146884,360.185181,-896.251282,1.146884,376.159760,-901.094666,1.146884
COMMAND=FIRE