ARMATURE=Arm.Box
Bone=0,None
Bone_MATRIX=1.0000,0.0000,0.0000,0.0000,0.0000,1.0000,0.0000,0.0000,0.0000,-0.0000,1.0000,0.0000,0.0000,0.7951,0.0000,1.0000
Bone_HEAD=0.0,0.7950895428657532,-0.0
Bone_BIND=1.0000,0.0000,0.0000,0.0000,0.0000,1.0000,0.0000,0.0000,0.0000,-0.0000,1.0000,0.0000,0.0000,0.0000,0.0000,1.0000
Bone_INVBIND=1.0000,-0.0000,0.0000,-0.0000,-0.0000,1.0000,-0.0000,0.0000,0.0000,0.0000,1.0000,-0.0000,-0.0000,0.0000,-0.0000,1.0000
Bone_IS_ROOT=True
Bone.001=1,None
Bone.001_MATRIX=1.0000,0.0000,0.0000,0.0000,0.0000,1.0000,0.0000,0.0000,0.0000,-0.0000,1.0000,0.0000,-1.0059,0.1325,0.0387,1.0000
Bone.001_HEAD=-1.0058739185333252,0.1324916034936905,0.03868374228477478
Bone.001_BIND=1.0000,0.0000,0.0000,0.0000,0.0000,1.0000,0.0000,0.0000,0.0000,-0.0000,1.0000,0.0000,-1.0059,0.1325,0.0387,1.0000
Bone.001_INVBIND=1.0000,-0.0000,0.0000,-0.0000,-0.0000,1.0000,-0.0000,0.0000,-0.0000,0.0000,1.0000,-0.0000,1.0059,-0.1325,-0.0387,1.0000
Bone.001_IS_ROOT=True
