OBJECT_NAME=Circle
OBJECT_TYPE=INPUT_AREA
TEXTURE=uvgrid
NUM_ELEMENTS=96
POS_OFFSET=0
NRM_OFFSET=-1
TXC_OFFSET=12
ELEMENT_STRIDE=20
NRM_SIZE=3
POS_SIZE=3
TXC_SIZE=2
HULL=0.000000,1.000000,0.000000,-0.195090,0.980785,0.000000,-0.382683,0.923880,0.000000,-0.555570,0.831470,0.000000,-0.707107,0.707107,0.000000,-0.831470,0.555570,0.000000,-0.923880,0.382683,0.000000,-0.980785,0.195090,0.000000,-1.000000,0.000000,0.000000,-0.980785,-0.195090,0.000000,-0.923880,-0.382683,0.000000,-0.831470,-0.555570,0.000000,-0.707107,-0.707107,0.000000,-0.555570,-0.831470,0.000000,-0.382683,-0.923880,0.000000,-0.195090,-0.980785,0.000000,0.000000,-1.000000,0.000000,0.195091,-0.980785,0.000000,0.382684,-0.923879,0.000000,0.555571,-0.831469,0.000000,0.707107,-0.707106,0.000000,0.831470,-0.555570,0.000000,0.923880,-0.382683,0.000000,0.980785,-0.195089,0.000000,1.000000,0.000001,0.000000,0.980785,0.195091,0.000000,0.923879,0.382684,0.000000,0.831469,0.555571,0.000000,0.707106,0.707108,0.000000,0.555569,0.831470,0.000000,0.382682,0.923880,0.000000,0.195089,0.980786,0.000000,0.000000,0.000001,0.000000