ARMATURE=Arm.Cube
bone_lower=0,None
bone_lower_MATRIX=1.0000,0.0000,0.0000,0.0000,0.0000,1.0000,0.0000,0.0000,0.0000,-0.0000,1.0000,0.0000,0.0000,0.0000,0.0000,1.0000
bone_lower_HEAD=0.0,0.0,-0.0
bone_lower_BIND=1.0000,0.0000,0.0000,0.0000,0.0000,1.0000,0.0000,0.0000,0.0000,-0.0000,1.0000,0.0000,0.0000,0.0000,0.0000,1.0000
bone_lower_INVBIND=1.0000,-0.0000,0.0000,-0.0000,-0.0000,1.0000,-0.0000,0.0000,0.0000,0.0000,1.0000,-0.0000,-0.0000,0.0000,-0.0000,1.0000
bone_lower_IS_ROOT=True
bone_upper=1,bone_lower
bone_upper_MATRIX=0.6913,0.5905,0.4164,0.0000,-0.6855,0.7181,0.1197,0.0000,-0.2283,-0.3682,0.9013,0.0000,0.0000,1.0000,0.0000,1.0000
bone_upper_HEAD=0.0,1.0,-0.0
bone_upper_BIND=0.9711,-0.0000,0.2389,0.0000,-0.0919,0.9230,0.3736,0.0000,-0.2205,-0.3848,0.8963,0.0000,0.0000,1.0000,0.0000,1.0000
bone_upper_INVBIND=0.9711,-0.0919,-0.2205,0.0000,-0.0000,0.9230,-0.3848,0.0000,0.2389,0.3736,0.8963,-0.0000,0.0000,-0.9230,0.3848,1.0000
bone_upper_IS_ROOT=False
