ARMATURE=Armature.003
I_Whole=0,None
I_Whole_MATRIX=1.0000,0.0000,-0.0000,0.0000,-0.0000,0.9999,0.0133,0.0000,0.0000,-0.0133,0.9999,0.0000,-0.0000,-0.0799,0.0018,1.0000
I_Whole_HEAD=-1.036954029587367e-11,-0.07985270023345947,0.001819255412556231
I_Whole_BIND=1.0000,0.0000,-0.0000,0.0000,-0.0000,0.9999,0.0133,0.0000,0.0000,-0.0133,0.9999,0.0000,-0.0000,-0.0799,0.0018,1.0000
I_Whole_INVBIND=1.0000,-0.0000,0.0000,-0.0000,0.0000,0.9999,-0.0133,0.0000,-0.0000,0.0133,0.9999,-0.0000,0.0000,0.0798,-0.0029,1.0000
I_Whole_IS_ROOT=True
I_Hip=1,I_Whole
I_Hip_MATRIX=1.0000,-0.0000,-0.0000,0.0000,0.0000,0.9994,-0.0340,0.0000,0.0000,0.0340,0.9994,0.0000,-0.0000,0.8609,0.0000,1.0000
I_Hip_HEAD=-9.454242944073599e-16,0.8608542680740356,5.820766091346741e-10
I_Hip_BIND=1.0000,-0.0000,-0.0000,0.0000,0.0000,0.9994,-0.0340,0.0000,0.0000,0.0340,0.9994,0.0000,-0.0000,0.8609,0.0000,1.0000
I_Hip_INVBIND=1.0000,0.0000,0.0000,-0.0000,-0.0000,0.9994,0.0340,0.0000,-0.0000,-0.0340,0.9994,-0.0000,0.0000,-0.8604,-0.0292,1.0000
I_Hip_IS_ROOT=False
I_Spine=2,I_Hip
I_Spine_MATRIX=1.0000,0.0000,-0.0000,0.0000,-0.0000,1.0000,0.0058,0.0000,0.0000,-0.0058,1.0000,0.0000,0.0000,1.1144,-0.0086,1.0000
I_Spine_HEAD=2.8605817714577597e-10,1.1143561601638794,-0.008616023696959019
I_Spine_BIND=1.0000,0.0000,-0.0000,0.0000,-0.0000,1.0000,0.0058,0.0000,0.0000,-0.0058,1.0000,0.0000,0.0000,1.1144,-0.0086,1.0000
I_Spine_INVBIND=1.0000,-0.0000,0.0000,-0.0000,0.0000,1.0000,-0.0058,0.0000,-0.0000,0.0058,1.0000,-0.0000,-0.0000,-1.1143,0.0151,1.0000
I_Spine_IS_ROOT=False
I_Chest=3,I_Spine
I_Chest_MATRIX=1.0000,0.0000,0.0000,0.0000,-0.0000,0.9986,-0.0521,0.0000,-0.0000,0.0521,0.9986,0.0000,0.0000,1.3442,-0.0073,1.0000
I_Chest_HEAD=2.795560727353319e-10,1.3442455530166626,-0.0072823623195290565
I_Chest_BIND=1.0000,0.0000,0.0000,0.0000,-0.0000,0.9986,-0.0521,0.0000,-0.0000,0.0521,0.9986,0.0000,0.0000,1.3442,-0.0073,1.0000
I_Chest_INVBIND=1.0000,-0.0000,-0.0000,-0.0000,0.0000,0.9986,0.0521,0.0000,0.0000,-0.0521,0.9986,-0.0000,-0.0000,-1.3428,-0.0627,1.0000
I_Chest_IS_ROOT=False
I_Neck=4,I_Chest
I_Neck_MATRIX=1.0000,-0.0000,-0.0000,0.0000,0.0000,0.9986,-0.0534,0.0000,0.0000,0.0534,0.9986,0.0000,-0.0000,1.7005,-0.0259,1.0000
I_Neck_HEAD=-6.506239991210805e-12,1.7005157470703125,-0.025855164974927902
I_Neck_BIND=1.0000,-0.0000,-0.0000,0.0000,0.0000,0.9986,-0.0534,0.0000,0.0000,0.0534,0.9986,0.0000,-0.0000,1.7005,-0.0259,1.0000
I_Neck_INVBIND=1.0000,0.0000,0.0000,-0.0000,-0.0000,0.9986,0.0534,0.0000,-0.0000,-0.0534,0.9986,-0.0000,0.0000,-1.6995,-0.0649,1.0000
I_Neck_IS_ROOT=False
I_Head=5,I_Neck
I_Head_MATRIX=1.0000,-0.0000,0.0000,0.0000,-0.0000,1.0000,0.0000,0.0000,0.0000,-0.0000,1.0000,0.0000,-0.0000,1.7721,-0.0297,1.0000
I_Head_HEAD=-5.027662314249781e-15,1.7720612287521362,-0.029678907245397568
I_Head_BIND=1.0000,-0.0000,0.0000,0.0000,-0.0000,1.0000,0.0000,0.0000,0.0000,-0.0000,1.0000,0.0000,-0.0000,1.7721,-0.0297,1.0000
I_Head_INVBIND=1.0000,0.0000,-0.0000,0.0000,0.0000,1.0000,-0.0000,0.0000,-0.0000,0.0000,1.0000,-0.0000,-0.0000,-1.7721,0.0297,1.0000
I_Head_IS_ROOT=False
I_Shoulder.L=6,I_Chest
I_Shoulder.L_MATRIX=-0.0158,0.0111,0.9998,0.0000,0.8949,-0.4458,0.0191,0.0000,0.4459,0.8951,-0.0029,0.0000,0.0463,1.6761,-0.0201,1.0000
I_Shoulder.L_HEAD=0.04633758217096329,1.6760542392730713,-0.02009880356490612
I_Shoulder.L_BIND=-0.0158,0.0111,0.9998,0.0000,0.8949,-0.4458,0.0191,0.0000,0.4459,0.8951,-0.0029,0.0000,0.0463,1.6761,-0.0201,1.0000
I_Shoulder.L_INVBIND=-0.0158,0.8949,0.4459,-0.0000,0.0111,-0.4458,0.8951,0.0000,0.9998,0.0191,-0.0029,-0.0000,0.0022,0.7060,-1.5209,1.0000
I_Shoulder.L_IS_ROOT=False
I_Arm_Upper.L=7,I_Shoulder.L
I_Arm_Upper.L_MATRIX=-0.0127,0.0090,0.9999,0.0000,0.8949,-0.4460,0.0154,0.0000,0.4461,0.8950,-0.0024,0.0000,0.2112,1.5939,-0.0166,1.0000
I_Arm_Upper.L_HEAD=0.2112315595149994,1.5939221382141113,-0.016582276672124863
I_Arm_Upper.L_BIND=-0.0127,0.0090,0.9999,0.0000,0.8949,-0.4460,0.0154,0.0000,0.4461,0.8950,-0.0024,0.0000,0.2112,1.5939,-0.0166,1.0000
I_Arm_Upper.L_INVBIND=-0.0127,0.8949,0.4461,-0.0000,0.0090,-0.4460,0.8950,0.0000,0.9999,0.0154,-0.0024,-0.0000,0.0049,0.5221,-1.5208,1.0000
I_Arm_Upper.L_IS_ROOT=False
I_Arm_Lower.L=8,I_Arm_Upper.L
I_Arm_Lower.L_MATRIX=-0.0191,0.0135,0.9997,0.0000,0.9830,-0.1823,0.0213,0.0000,0.1825,0.9832,-0.0098,0.0000,0.5187,1.4407,-0.0113,1.0000
I_Arm_Lower.L_HEAD=0.5186861157417297,1.4406945705413818,-0.011306125670671463
I_Arm_Lower.L_BIND=-0.0191,0.0135,0.9997,0.0000,0.9830,-0.1823,0.0213,0.0000,0.1825,0.9832,-0.0098,0.0000,0.5187,1.4407,-0.0113,1.0000
I_Arm_Lower.L_INVBIND=-0.0191,0.9830,0.1825,-0.0000,0.0135,-0.1823,0.9832,0.0000,0.9997,0.0213,-0.0098,-0.0000,0.0017,-0.2471,-1.5112,1.0000
I_Arm_Lower.L_IS_ROOT=False
I_Hand.L=9,I_Arm_Lower.L
I_Hand.L_MATRIX=-0.0497,0.0352,0.9981,0.0000,0.9884,-0.1418,0.0542,0.0000,0.1435,0.9893,-0.0277,0.0000,0.7275,1.4020,-0.0068,1.0000
I_Hand.L_HEAD=0.7275445461273193,1.401970386505127,-0.006783697754144669
I_Hand.L_BIND=-0.0497,0.0352,0.9981,0.0000,0.9884,-0.1418,0.0542,0.0000,0.1435,0.9893,-0.0277,0.0000,0.7275,1.4020,-0.0068,1.0000
I_Hand.L_INVBIND=-0.0497,0.9884,0.1435,-0.0000,0.0352,-0.1418,0.9893,0.0000,0.9981,0.0542,-0.0277,-0.0000,-0.0064,-0.5199,-1.4915,1.0000
I_Hand.L_IS_ROOT=False
I_Shoulder.R=10,I_Chest
I_Shoulder.R_MATRIX=-0.0158,-0.0111,-0.9998,0.0000,-0.8949,-0.4458,0.0191,0.0000,-0.4459,0.8951,-0.0029,0.0000,-0.0463,1.6761,-0.0201,1.0000
I_Shoulder.R_HEAD=-0.04633757472038269,1.6760542392730713,-0.02009880170226097
I_Shoulder.R_BIND=-0.0158,-0.0111,-0.9998,0.0000,-0.8949,-0.4458,0.0191,0.0000,-0.4459,0.8951,-0.0029,0.0000,-0.0463,1.6761,-0.0201,1.0000
I_Shoulder.R_INVBIND=-0.0158,-0.8949,-0.4459,-0.0000,-0.0111,-0.4458,0.8951,0.0000,-0.9998,0.0191,-0.0029,-0.0000,-0.0022,0.7060,-1.5209,1.0000
I_Shoulder.R_IS_ROOT=False
I_Arm_Upper.R=11,I_Shoulder.R
I_Arm_Upper.R_MATRIX=-0.0127,-0.0090,-0.9999,0.0000,-0.8949,-0.4460,0.0154,0.0000,-0.4461,0.8950,-0.0024,0.0000,-0.2112,1.5939,-0.0166,1.0000
I_Arm_Upper.R_HEAD=-0.2112315595149994,1.5939221382141113,-0.01658228039741516
I_Arm_Upper.R_BIND=-0.0127,-0.0090,-0.9999,0.0000,-0.8949,-0.4460,0.0154,0.0000,-0.4461,0.8950,-0.0024,0.0000,-0.2112,1.5939,-0.0166,1.0000
I_Arm_Upper.R_INVBIND=-0.0127,-0.8949,-0.4461,-0.0000,-0.0090,-0.4460,0.8950,0.0000,-0.9999,0.0154,-0.0024,-0.0000,-0.0049,0.5221,-1.5208,1.0000
I_Arm_Upper.R_IS_ROOT=False
I_Arm_Lower.R=12,I_Arm_Upper.R
I_Arm_Lower.R_MATRIX=-0.0191,-0.0135,-0.9997,0.0000,-0.9830,-0.1823,0.0213,0.0000,-0.1825,0.9832,-0.0098,0.0000,-0.5187,1.4407,-0.0113,1.0000
I_Arm_Lower.R_HEAD=-0.518686056137085,1.4406945705413818,-0.011306140571832657
I_Arm_Lower.R_BIND=-0.0191,-0.0135,-0.9997,0.0000,-0.9830,-0.1823,0.0213,0.0000,-0.1825,0.9832,-0.0098,0.0000,-0.5187,1.4407,-0.0113,1.0000
I_Arm_Lower.R_INVBIND=-0.0191,-0.9830,-0.1825,-0.0000,-0.0135,-0.1823,0.9832,0.0000,-0.9997,0.0213,-0.0098,-0.0000,-0.0017,-0.2471,-1.5112,1.0000
I_Arm_Lower.R_IS_ROOT=False
I_Hand.R=13,I_Arm_Lower.R
I_Hand.R_MATRIX=-0.0497,-0.0352,-0.9981,0.0000,-0.9884,-0.1418,0.0542,0.0000,-0.1435,0.9893,-0.0277,0.0000,-0.7275,1.4020,-0.0068,1.0000
I_Hand.R_HEAD=-0.7275444865226746,1.401970386505127,-0.006783719640225172
I_Hand.R_BIND=-0.0497,-0.0352,-0.9981,0.0000,-0.9884,-0.1418,0.0542,0.0000,-0.1435,0.9893,-0.0277,0.0000,-0.7275,1.4020,-0.0068,1.0000
I_Hand.R_INVBIND=-0.0497,-0.9884,-0.1435,-0.0000,-0.0352,-0.1418,0.9893,0.0000,-0.9981,0.0542,-0.0277,-0.0000,0.0064,-0.5199,-1.4915,1.0000
I_Hand.R_IS_ROOT=False
I_Leg_Upper.L=14,I_Hip
I_Leg_Upper.L_MATRIX=0.9986,-0.0086,0.0636,0.0000,-0.0112,-0.9992,0.0396,0.0000,0.0625,-0.0402,-0.9974,0.0000,0.1410,0.9156,-0.0090,1.0000
I_Leg_Upper.L_HEAD=0.1409938782453537,0.91562420129776,-0.009032770991325378
I_Leg_Upper.L_BIND=0.9986,-0.0086,0.0636,0.0000,-0.0112,-0.9992,0.0396,0.0000,0.0625,-0.0402,-0.9974,0.0000,0.1410,0.9156,-0.0090,1.0000
I_Leg_Upper.L_INVBIND=0.9973,-0.0112,0.0631,-0.0000,-0.0086,-0.9992,-0.0402,0.0000,0.0628,0.0396,-0.9970,-0.0000,-0.1321,0.9168,0.0189,1.0000
I_Leg_Upper.L_IS_ROOT=False
I_Leg_Lower.L=15,I_Leg_Upper.L
I_Leg_Lower.L_MATRIX=0.9973,-0.0507,0.0635,0.0000,-0.0507,-0.9987,-0.0026,0.0000,0.0629,-0.0006,-0.9982,0.0000,0.1363,0.4924,0.0077,1.0000
I_Leg_Lower.L_HEAD=0.13626784086227417,0.49242621660232544,0.007742293179035187
I_Leg_Lower.L_BIND=0.9973,-0.0507,0.0635,0.0000,-0.0507,-0.9987,-0.0026,0.0000,0.0629,-0.0006,-0.9982,0.0000,0.1363,0.4924,0.0077,1.0000
I_Leg_Lower.L_INVBIND=0.9961,-0.0506,0.0635,-0.0000,-0.0507,-0.9987,-0.0006,0.0000,0.0628,-0.0026,-0.9978,-0.0000,-0.1112,0.4987,-0.0006,1.0000
I_Leg_Lower.L_IS_ROOT=False
I_Leg_Upper.R=16,I_Hip
I_Leg_Upper.R_MATRIX=0.9975,0.0087,-0.0623,0.0000,0.0112,-0.9992,0.0396,0.0000,-0.0625,-0.0402,-0.9971,0.0000,-0.1410,0.9156,-0.0090,1.0000
I_Leg_Upper.R_HEAD=-0.1409938782453537,0.91562420129776,-0.009032770991325378
I_Leg_Upper.R_BIND=0.9975,0.0087,-0.0623,0.0000,0.0112,-0.9992,0.0396,0.0000,-0.0625,-0.0402,-0.9971,0.0000,-0.1410,0.9156,-0.0090,1.0000
I_Leg_Upper.R_INVBIND=0.9985,0.0112,-0.0619,-0.0000,0.0087,-0.9992,-0.0402,0.0000,-0.0629,0.0396,-0.9974,-0.0000,0.1323,0.9168,0.0191,1.0000
I_Leg_Upper.R_IS_ROOT=False
I_Leg_Lower.R=17,I_Leg_Upper.R
I_Leg_Lower.R_MATRIX=0.9962,0.0507,-0.0622,0.0000,0.0506,-0.9987,-0.0026,0.0000,-0.0629,-0.0006,-0.9979,0.0000,-0.1363,0.4924,0.0077,1.0000
I_Leg_Lower.R_HEAD=-0.13626784086227417,0.4924262762069702,0.007742289453744888
I_Leg_Lower.R_BIND=0.9962,0.0507,-0.0622,0.0000,0.0506,-0.9987,-0.0026,0.0000,-0.0629,-0.0006,-0.9979,0.0000,-0.1363,0.4924,0.0077,1.0000
I_Leg_Lower.R_INVBIND=0.9973,0.0507,-0.0623,-0.0000,0.0507,-0.9987,-0.0006,0.0000,-0.0629,-0.0026,-0.9982,-0.0000,0.1114,0.4987,-0.0005,1.0000
I_Leg_Lower.R_IS_ROOT=False
I_Foot.L=18,I_Whole
I_Foot.L_MATRIX=-1.0000,0.0034,-0.0026,0.0000,-0.0034,-1.0000,0.0026,0.0000,-0.0026,0.0026,1.0001,0.0000,0.1202,0.0101,0.0070,1.0000
I_Foot.L_HEAD=0.12016169726848602,0.010056495666503906,0.007045838516205549
I_Foot.L_BIND=-1.0000,0.0034,-0.0026,0.0000,-0.0034,-1.0000,0.0026,0.0000,-0.0026,0.0026,1.0001,0.0000,0.1202,0.0101,0.0070,1.0000
I_Foot.L_INVBIND=-1.0000,-0.0034,-0.0026,-0.0000,0.0034,-1.0000,0.0026,0.0000,-0.0026,0.0026,0.9999,-0.0000,0.1201,0.0104,-0.0068,1.0000
I_Foot.L_IS_ROOT=False
I_Foot.R=19,I_Whole
I_Foot.R_MATRIX=-1.0000,-0.0034,0.0026,0.0000,0.0034,-1.0000,0.0026,0.0000,0.0026,0.0026,1.0001,0.0000,-0.1202,0.0101,0.0070,1.0000
I_Foot.R_HEAD=-0.12016169726848602,0.010056495666503906,0.007045837584882975
I_Foot.R_BIND=-1.0000,-0.0034,0.0026,0.0000,0.0034,-1.0000,0.0026,0.0000,0.0026,0.0026,1.0001,0.0000,-0.1202,0.0101,0.0070,1.0000
I_Foot.R_INVBIND=-1.0000,0.0034,0.0026,-0.0000,-0.0034,-1.0000,0.0026,0.0000,0.0026,0.0026,0.9999,-0.0000,-0.1201,0.0104,-0.0068,1.0000
I_Foot.R_IS_ROOT=False
