ARMATURE=Armature.003
I_Whole=0,None
I_Whole_MATRIX=1.0000,0.0000,0.0000,0.0000,-0.0000,0.9999,0.0133,0.0000,-0.0000,-0.0133,0.9999,0.0000,-0.0000,-0.0018,-0.9000,1.0000
I_Whole_HEAD=-1.0369856882908035e-11,-0.8999947905540466,0.0018192544812336564
I_Whole_BIND=1.0000,0.0000,0.0000,0.0000,-0.0000,0.9999,0.0133,0.0000,-0.0000,-0.0133,0.9999,0.0000,-0.0000,-0.0018,-0.9000,1.0000
I_Whole_INVBIND=1.0000,-0.0000,-0.0000,-0.0000,0.0000,0.9999,-0.0133,0.0000,0.0000,0.0133,0.9999,-0.0000,0.0000,0.0137,0.8999,1.0000
I_Whole_IS_ROOT=True
I_Hip=1,I_Whole
I_Hip_MATRIX=1.0000,0.0000,-0.0000,0.0000,-0.0000,0.9994,-0.0340,0.0000,0.0000,0.0340,0.9994,0.0000,-0.0000,0.0000,0.0407,1.0000
I_Hip_HEAD=-8.179221189230645e-16,0.040712177753448486,-1.280568540096283e-09
I_Hip_BIND=1.0000,0.0000,-0.0000,0.0000,-0.0000,0.9994,-0.0340,0.0000,0.0000,0.0340,0.9994,0.0000,-0.0000,-0.0000,0.0407,1.0000
I_Hip_INVBIND=1.0000,-0.0000,0.0000,-0.0000,0.0000,0.9994,0.0340,0.0000,-0.0000,-0.0340,0.9994,-0.0000,0.0000,0.0014,-0.0407,1.0000
I_Hip_IS_ROOT=False
I_Spine=2,I_Hip
I_Spine_MATRIX=1.0000,0.0000,0.0000,0.0000,-0.0000,1.0000,0.0058,0.0000,-0.0000,-0.0058,1.0000,0.0000,0.0000,0.0086,0.2942,1.0000
I_Spine_HEAD=2.8605812163462474e-10,0.29421424865722656,-0.008616027422249317
I_Spine_BIND=1.0000,0.0000,0.0000,0.0000,-0.0000,1.0000,0.0058,0.0000,-0.0000,-0.0058,1.0000,0.0000,0.0000,0.0086,0.2942,1.0000
I_Spine_INVBIND=1.0000,-0.0000,-0.0000,-0.0000,0.0000,1.0000,-0.0058,0.0000,0.0000,0.0058,1.0000,-0.0000,-0.0000,-0.0103,-0.2942,1.0000
I_Spine_IS_ROOT=False
I_Chest=3,I_Spine
I_Chest_MATRIX=1.0000,-0.0000,0.0000,0.0000,0.0000,0.9986,-0.0521,0.0000,-0.0000,0.0521,0.9986,0.0000,0.0000,0.0073,0.5241,1.0000
I_Chest_HEAD=2.7955560089054643e-10,0.524103581905365,-0.00728236511349678
I_Chest_BIND=1.0000,-0.0000,0.0000,0.0000,0.0000,0.9986,-0.0521,0.0000,-0.0000,0.0521,0.9986,0.0000,0.0000,0.0073,0.5241,1.0000
I_Chest_INVBIND=1.0000,0.0000,-0.0000,-0.0000,-0.0000,0.9986,0.0521,-0.0000,0.0000,-0.0521,0.9986,-0.0000,-0.0000,0.0200,-0.5238,1.0000
I_Chest_IS_ROOT=False
I_Neck=4,I_Chest
I_Neck_MATRIX=1.0000,0.0000,-0.0000,0.0000,-0.0000,0.9986,-0.0534,0.0000,0.0000,0.0534,0.9986,0.0000,-0.0000,0.0259,0.8804,1.0000
I_Neck_HEAD=-6.506628569269424e-12,0.8803739547729492,-0.02585516683757305
I_Neck_BIND=1.0000,0.0000,-0.0000,0.0000,-0.0000,0.9986,-0.0534,0.0000,0.0000,0.0534,0.9986,0.0000,-0.0000,0.0259,0.8804,1.0000
I_Neck_INVBIND=1.0000,-0.0000,0.0000,-0.0000,0.0000,0.9986,0.0534,0.0000,-0.0000,-0.0534,0.9986,-0.0000,0.0000,0.0212,-0.8805,1.0000
I_Neck_IS_ROOT=False
I_Head=5,I_Neck
I_Head_MATRIX=1.0000,-0.0000,-0.0000,0.0000,-0.0000,1.0000,0.0000,0.0000,-0.0000,0.0000,1.0000,0.0000,-0.0000,0.0297,0.9519,1.0000
I_Head_HEAD=-5.437924416318296e-15,0.9519194960594177,-0.029678910970687866
I_Head_BIND=1.0000,-0.0000,-0.0000,0.0000,-0.0000,1.0000,0.0000,0.0000,-0.0000,0.0000,1.0000,0.0000,-0.0000,0.0297,0.9519,1.0000
I_Head_INVBIND=1.0000,0.0000,0.0000,-0.0000,0.0000,1.0000,-0.0000,0.0000,0.0000,-0.0000,1.0000,-0.0000,-0.0000,-0.0297,-0.9519,1.0000
I_Head_IS_ROOT=False
I_Shoulder.L=6,I_Chest
I_Shoulder.L_MATRIX=-0.0158,-0.9998,0.0111,0.0000,-0.4459,-0.0029,-0.8951,0.0000,0.8949,-0.0191,-0.4458,0.0000,0.0463,0.0201,0.8559,1.0000
I_Shoulder.L_HEAD=0.04633758217096329,0.8559123873710632,-0.02009880729019642
I_Shoulder.L_BIND=-0.0158,-0.9998,0.0111,0.0000,-0.4459,-0.0029,-0.8951,0.0000,0.8949,-0.0191,-0.4458,0.0000,0.0463,0.0201,0.8559,1.0000
I_Shoulder.L_INVBIND=-0.0158,-0.4459,0.8949,-0.0000,-0.9998,-0.0029,-0.0191,0.0000,0.0111,-0.8951,-0.4458,-0.0000,0.0113,0.7868,0.3404,1.0000
I_Shoulder.L_IS_ROOT=False
I_Arm_Upper.L=7,I_Shoulder.L
I_Arm_Upper.L_MATRIX=0.4507,-0.8801,-0.1495,0.0000,0.4882,0.3832,-0.7841,0.0000,0.7474,0.2804,0.6024,0.0000,0.2112,0.0166,0.7738,1.0000
I_Arm_Upper.L_HEAD=0.2112315595149994,0.773780107498169,-0.01658228039741516
I_Arm_Upper.L_BIND=-0.0127,-0.9999,0.0090,0.0000,-0.4461,-0.0024,-0.8950,0.0000,0.8949,-0.0154,-0.4460,0.0000,0.2112,0.0166,0.7738,1.0000
I_Arm_Upper.L_INVBIND=-0.0127,-0.4461,0.8949,-0.0000,-0.9999,-0.0024,-0.0154,0.0000,0.0090,-0.8950,-0.4460,-0.0000,0.0123,0.7868,0.1563,1.0000
I_Arm_Upper.L_IS_ROOT=False
I_Arm_Lower.L=8,I_Arm_Upper.L
I_Arm_Lower.L_MATRIX=0.4442,-0.8827,-0.1533,0.0000,0.6766,0.4427,-0.5884,0.0000,0.5873,0.1577,0.7939,0.0000,0.4680,0.1129,0.9807,1.0000
I_Arm_Lower.L_HEAD=0.4679943919181824,0.980729341506958,-0.11291346698999405
I_Arm_Lower.L_BIND=-0.0191,-0.9997,0.0135,0.0000,-0.1825,-0.0098,-0.9832,0.0000,0.9830,-0.0213,-0.1823,0.0000,0.5187,0.0113,0.6206,1.0000
I_Arm_Lower.L_INVBIND=-0.0191,-0.1825,0.9830,-0.0000,-0.9997,-0.0098,-0.0213,0.0000,0.0135,-0.9832,-0.1823,-0.0000,0.0128,0.7049,-0.3965,1.0000
I_Arm_Lower.L_IS_ROOT=False
I_Hand.L=9,I_Arm_Lower.L
I_Hand.L_MATRIX=0.4133,-0.8944,-0.1709,0.0000,0.7069,0.4335,-0.5588,0.0000,0.5739,0.1102,0.8115,0.0000,0.5928,0.1464,1.1494,1.0000
I_Hand.L_HEAD=0.5927677154541016,1.1494022607803345,-0.14642341434955597
I_Hand.L_BIND=-0.0497,-0.9981,0.0352,0.0000,-0.1435,-0.0277,-0.9893,0.0000,0.9884,-0.0542,-0.1418,0.0000,0.7275,0.0068,0.5818,1.0000
I_Hand.L_INVBIND=-0.0497,-0.1435,0.9884,-0.0000,-0.9981,-0.0277,-0.0542,0.0000,0.0352,-0.9893,-0.1418,-0.0000,0.0225,0.6801,-0.6362,1.0000
I_Hand.L_IS_ROOT=False
I_Shoulder.R=10,I_Chest
I_Shoulder.R_MATRIX=-0.0158,0.9998,-0.0111,0.0000,0.4459,-0.0029,-0.8951,0.0000,-0.8949,-0.0191,-0.4458,0.0000,-0.0463,0.0201,0.8559,1.0000
I_Shoulder.R_HEAD=-0.0463375486433506,0.8559123873710632,-0.02009880542755127
I_Shoulder.R_BIND=-0.0158,0.9998,-0.0111,0.0000,0.4459,-0.0029,-0.8951,0.0000,-0.8949,-0.0191,-0.4458,0.0000,-0.0463,0.0201,0.8559,1.0000
I_Shoulder.R_INVBIND=-0.0158,0.4459,-0.8949,-0.0000,0.9998,-0.0029,-0.0191,-0.0000,-0.0111,-0.8951,-0.4458,0.0000,-0.0113,0.7868,0.3404,1.0000
I_Shoulder.R_IS_ROOT=False
I_Arm_Upper.R=11,I_Shoulder.R
I_Arm_Upper.R_MATRIX=-0.0127,0.9999,-0.0090,0.0000,0.4461,-0.0024,-0.8950,0.0000,-0.8949,-0.0154,-0.4460,0.0000,-0.2112,0.0166,0.7738,1.0000
I_Arm_Upper.R_HEAD=-0.2112315148115158,0.7737801671028137,-0.016582278534770012
I_Arm_Upper.R_BIND=-0.0127,0.9999,-0.0090,0.0000,0.4461,-0.0024,-0.8950,0.0000,-0.8949,-0.0154,-0.4460,0.0000,-0.2112,0.0166,0.7738,1.0000
I_Arm_Upper.R_INVBIND=-0.0127,0.4461,-0.8949,-0.0000,0.9999,-0.0024,-0.0154,-0.0000,-0.0090,-0.8950,-0.4460,0.0000,-0.0123,0.7868,0.1563,1.0000
I_Arm_Upper.R_IS_ROOT=False
I_Arm_Lower.R=12,I_Arm_Upper.R
I_Arm_Lower.R_MATRIX=-0.0191,0.9997,-0.0135,0.0000,0.1825,-0.0098,-0.9832,0.0000,-0.9830,-0.0213,-0.1823,0.0000,-0.5187,0.0113,0.6206,1.0000
I_Arm_Lower.R_HEAD=-0.5186859965324402,0.6205525398254395,-0.011306118220090866
I_Arm_Lower.R_BIND=-0.0191,0.9997,-0.0135,0.0000,0.1825,-0.0098,-0.9832,0.0000,-0.9830,-0.0213,-0.1823,0.0000,-0.5187,0.0113,0.6206,1.0000
I_Arm_Lower.R_INVBIND=-0.0191,0.1825,-0.9830,-0.0000,0.9997,-0.0098,-0.0213,-0.0000,-0.0135,-0.9832,-0.1823,0.0000,-0.0128,0.7049,-0.3965,1.0000
I_Arm_Lower.R_IS_ROOT=False
I_Hand.R=13,I_Arm_Lower.R
I_Hand.R_MATRIX=-0.0497,0.9981,-0.0352,0.0000,0.1435,-0.0277,-0.9893,0.0000,-0.9884,-0.0542,-0.1418,0.0000,-0.7275,0.0068,0.5818,1.0000
I_Hand.R_HEAD=-0.727544367313385,0.5818284153938293,-0.006783686578273773
I_Hand.R_BIND=-0.0497,0.9981,-0.0352,0.0000,0.1435,-0.0277,-0.9893,0.0000,-0.9884,-0.0542,-0.1418,0.0000,-0.7275,0.0068,0.5818,1.0000
I_Hand.R_INVBIND=-0.0497,0.1435,-0.9884,-0.0000,0.9981,-0.0277,-0.0542,-0.0000,-0.0352,-0.9893,-0.1418,0.0000,-0.0225,0.6801,-0.6362,1.0000
I_Hand.R_IS_ROOT=False
I_Leg_Upper.L=14,I_Hip
I_Leg_Upper.L_MATRIX=0.9986,-0.0636,-0.0086,0.0000,-0.0625,-0.9974,0.0402,0.0000,-0.0112,-0.0396,-0.9992,0.0000,0.1410,0.0090,0.0955,1.0000
I_Leg_Upper.L_HEAD=0.1409938931465149,0.09548213332891464,-0.009032771922647953
I_Leg_Upper.L_BIND=0.9986,-0.0636,-0.0086,0.0000,-0.0625,-0.9974,0.0402,0.0000,-0.0112,-0.0396,-0.9992,0.0000,0.1410,0.0090,0.0955,1.0000
I_Leg_Upper.L_INVBIND=0.9973,-0.0631,-0.0112,-0.0000,-0.0628,-0.9970,-0.0396,0.0000,-0.0086,0.0402,-0.9992,-0.0000,-0.1392,0.0141,0.0973,1.0000
I_Leg_Upper.L_IS_ROOT=False
I_Leg_Lower.L=15,I_Leg_Upper.L
I_Leg_Lower.L_MATRIX=0.9973,-0.0635,-0.0507,0.0000,-0.0629,-0.9982,0.0006,0.0000,-0.0507,0.0026,-0.9987,0.0000,0.1363,-0.0077,-0.3277,1.0000
I_Leg_Lower.L_HEAD=0.13626785576343536,-0.32771575450897217,0.007742288522422314
I_Leg_Lower.L_BIND=0.9973,-0.0635,-0.0507,0.0000,-0.0629,-0.9982,0.0006,0.0000,-0.0507,0.0026,-0.9987,0.0000,0.1363,-0.0077,-0.3277,1.0000
I_Leg_Lower.L_INVBIND=0.9961,-0.0635,-0.0506,-0.0000,-0.0628,-0.9978,0.0026,0.0000,-0.0507,0.0006,-0.9987,0.0000,-0.1528,0.0011,-0.3204,1.0000
I_Leg_Lower.L_IS_ROOT=False
I_Leg_Upper.R=16,I_Hip
I_Leg_Upper.R_MATRIX=0.9986,0.0636,0.0086,0.0000,0.0625,-0.9974,0.0402,0.0000,0.0112,-0.0396,-0.9992,0.0000,-0.1410,0.0090,0.0955,1.0000
I_Leg_Upper.R_HEAD=-0.1409938782453537,0.09548211842775345,-0.009032775647938251
I_Leg_Upper.R_BIND=0.9986,0.0636,0.0086,0.0000,0.0625,-0.9974,0.0402,0.0000,0.0112,-0.0396,-0.9992,0.0000,-0.1410,0.0090,0.0955,1.0000
I_Leg_Upper.R_INVBIND=0.9973,0.0631,0.0112,-0.0000,0.0628,-0.9970,-0.0396,0.0000,0.0086,0.0402,-0.9992,-0.0000,0.1392,0.0141,0.0973,1.0000
I_Leg_Upper.R_IS_ROOT=False
I_Leg_Lower.R=17,I_Leg_Upper.R
I_Leg_Lower.R_MATRIX=0.9973,0.0635,0.0507,0.0000,0.0629,-0.9982,0.0006,0.0000,0.0507,0.0026,-0.9987,0.0000,-0.1363,-0.0077,-0.3277,1.0000
I_Leg_Lower.R_HEAD=-0.13626784086227417,-0.3277159035205841,0.007742290385067463
I_Leg_Lower.R_BIND=0.9973,0.0635,0.0507,0.0000,0.0629,-0.9982,0.0006,0.0000,0.0507,0.0026,-0.9987,0.0000,-0.1363,-0.0077,-0.3277,1.0000
I_Leg_Lower.R_INVBIND=0.9961,0.0635,0.0506,-0.0000,0.0628,-0.9978,0.0026,0.0000,0.0507,0.0006,-0.9987,-0.0000,0.1528,0.0011,-0.3204,1.0000
I_Leg_Lower.R_IS_ROOT=False
I_Foot.L=18,I_Whole
I_Foot.L_MATRIX=-1.0000,0.0026,0.0034,0.0000,0.0026,1.0001,-0.0026,0.0000,-0.0034,-0.0026,-1.0000,0.0000,0.1202,-0.0070,-0.8101,1.0000
I_Foot.L_HEAD=0.12016170471906662,-0.8100855350494385,0.007045837119221687
I_Foot.L_BIND=-1.0000,0.0026,0.0034,0.0000,0.0026,1.0001,-0.0026,0.0000,-0.0034,-0.0026,-1.0000,0.0000,0.1202,-0.0070,-0.8101,1.0000
I_Foot.L_INVBIND=-1.0000,0.0026,-0.0034,-0.0000,0.0026,0.9999,-0.0026,-0.0000,0.0034,-0.0026,-1.0000,0.0000,0.1229,0.0046,-0.8097,1.0000
I_Foot.L_IS_ROOT=False
I_Foot.R=19,I_Whole
I_Foot.R_MATRIX=-1.0000,-0.0026,-0.0034,0.0000,-0.0026,1.0001,-0.0026,0.0000,0.0034,-0.0026,-1.0000,0.0000,-0.1202,-0.0070,-0.8101,1.0000
I_Foot.R_HEAD=-0.12016169726848602,-0.8100855350494385,0.0070458366535604
I_Foot.R_BIND=-1.0000,-0.0026,-0.0034,0.0000,-0.0026,1.0001,-0.0026,0.0000,0.0034,-0.0026,-1.0000,0.0000,-0.1202,-0.0070,-0.8101,1.0000
I_Foot.R_INVBIND=-1.0000,-0.0026,0.0034,0.0000,-0.0026,0.9999,-0.0026,0.0000,-0.0034,-0.0026,-1.0000,-0.0000,-0.1229,0.0046,-0.8097,1.0000
I_Foot.R_IS_ROOT=False
