OBJECT_NAME=input_dpad_lt
OBJECT_TYPE=INPUT_AREA
TEXTURE=uvgrid
NUM_ELEMENTS=36
POS_OFFSET=0
NRM_OFFSET=-1
TXC_OFFSET=12
ELEMENT_STRIDE=20
NRM_SIZE=3
POS_SIZE=3
TXC_SIZE=2
HULL=-939.505249,-374.859100,2.000000,-937.010559,-400.456512,2.000000,-931.263733,-425.070221,2.000000,-921.335999,-447.754395,2.000000,-905.297791,-467.637238,2.000000,-905.297424,-282.081268,2.000000,-921.335693,-301.964020,2.000000,-931.263489,-324.648163,2.000000,-937.010376,-349.261902,2.000000,-797.012512,-374.859497,2.000000,-851.288208,-328.470398,2.000000,-851.288391,-421.248352,2.000000,-861.155029,-374.859375,2.000000