OBJECT_NAME=input_dpad_dn
OBJECT_TYPE=INPUT_AREA
TEXTURE=uvgrid
SHADER=tex_shader
NUM_ELEMENTS=36
POS_OFFSET=0
NRM_OFFSET=-1
TXC_OFFSET=12
ELEMENT_STRIDE=20
NRM_SIZE=3
POS_SIZE=3
TXC_SIZE=2
Z_OFFSET=0
HULL=-797.012756,-533.061462,2.000000,-769.059021,-530.337158,2.000000,-742.179504,-524.061279,2.000000,-717.407166,-513.219604,2.000000,-695.694092,-495.705078,2.000000,-898.331238,-495.704803,2.000000,-876.618042,-513.219482,2.000000,-851.845825,-524.061157,2.000000,-824.966248,-530.337097,2.000000,-797.012451,-377.451752,2.000000,-847.671814,-436.723816,2.000000,-746.353271,-436.723969,2.000000,-797.012573,-447.498901,2.000000
COMMAND=WALK_BACKWARD