OBJECT_NAME=input_dpad_dn
OBJECT_TYPE=INPUT_AREA
TEXTURE=uvgrid
NUM_ELEMENTS=36
POS_OFFSET=0
NRM_OFFSET=-1
TXC_OFFSET=12
ELEMENT_STRIDE=20
NRM_SIZE=3
POS_SIZE=3
TXC_SIZE=2
HULL=-797.012756,-517.352295,2.000000,-771.415344,-514.857605,2.000000,-746.801636,-509.110748,2.000000,-724.117432,-499.182983,2.000000,-704.234680,-483.144806,2.000000,-889.790649,-483.144562,2.000000,-869.907776,-499.182831,2.000000,-847.223694,-509.110657,2.000000,-822.609924,-514.857544,2.000000,-797.012451,-374.859558,2.000000,-843.401550,-429.135345,2.000000,-750.623535,-429.135468,2.000000,-797.012573,-439.002136,2.000000
COMMAND=WALK_BACKWARD