OBJECT_NAME=input_updn_dn
OBJECT_TYPE=INPUT_AREA
TEXTURE=uvgrid
NUM_ELEMENTS=84
POS_OFFSET=0
NRM_OFFSET=-1
TXC_OFFSET=12
ELEMENT_STRIDE=20
NRM_SIZE=3
POS_SIZE=3
TXC_SIZE=2
HULL=586.546875,-524.338623,1.999903,570.814514,-522.860352,1.999905,555.550842,-518.482361,1.999912,541.215393,-511.372894,1.999923,528.219849,-501.805145,1.999937,516.948486,-490.146820,1.999955,507.783600,-476.845917,1.999975,501.119385,-462.413605,1.999997,495.413757,-447.346283,2.000020,489.797302,-431.945648,2.000043,485.572021,-416.854919,2.000066,483.360229,-402.797699,2.000088,486.808655,-390.501587,2.000106,502.140717,-380.663330,2.000121,670.953064,-380.663330,2.000121,686.285095,-390.501617,2.000106,689.733521,-402.797729,2.000088,687.521729,-416.854950,2.000066,683.296448,-431.945709,2.000043,677.679993,-447.346344,2.000020,671.974304,-462.413666,1.999997,665.310120,-476.845978,1.999975,656.145203,-490.146881,1.999955,644.873840,-501.805237,1.999937,631.878235,-511.372955,1.999923,617.542786,-518.482422,1.999912,602.279114,-522.860413,1.999905,586.546875,-380.663330,2.000121,586.546875,-452.500977,2.000012