OBJECT_NAME=input_dpad_rt
OBJECT_TYPE=INPUT_AREA
TEXTURE=uvgrid
SHADER=tex_shader
NUM_ELEMENTS=36
POS_OFFSET=0
NRM_OFFSET=-1
TXC_OFFSET=12
ELEMENT_STRIDE=20
NRM_SIZE=3
POS_SIZE=3
TXC_SIZE=2
Z_OFFSET=0
HULL=-641.402588,-377.451752,2.000000,-644.127014,-349.498016,2.000000,-650.402893,-322.618500,2.000000,-661.244568,-297.846252,2.000000,-678.759155,-276.133118,2.000000,-678.759155,-478.770203,2.000000,-661.244507,-457.057129,2.000000,-650.402893,-432.284821,2.000000,-644.127014,-405.405273,2.000000,-797.012329,-377.451630,2.000000,-737.740234,-428.110931,2.000000,-737.740234,-326.792358,2.000000,-726.965210,-377.451630,2.000000
COMMAND=STRAFE_RIGHT