OBJECT_NAME=input_dpad_up
OBJECT_TYPE=INPUT_AREA
TEXTURE=uvgrid
NUM_ELEMENTS=36
POS_OFFSET=0
NRM_OFFSET=-1
TXC_OFFSET=12
ELEMENT_STRIDE=20
NRM_SIZE=3
POS_SIZE=3
TXC_SIZE=2
HULL=-797.012451,-232.366684,2.000000,-822.609863,-234.861450,2.000000,-847.223572,-240.608353,2.000000,-869.907654,-250.536148,2.000000,-889.790466,-266.574371,2.000000,-704.234497,-266.574280,2.000000,-724.117371,-250.536041,2.000000,-746.801514,-240.608246,2.000000,-771.415222,-234.861420,2.000000,-797.012451,-374.859436,2.000000,-843.401489,-320.583649,2.000000,-750.623474,-320.583588,2.000000,-797.012451,-310.716888,2.000000