OBJECT_NAME=input_dpad
OBJECT_TYPE=INPUT_AREA
TEXTURE=uvgrid
SHADER=tex_shader
NUM_ELEMENTS=90
POS_OFFSET=0
NRM_OFFSET=-1
TXC_OFFSET=12
ELEMENT_STRIDE=20
NRM_SIZE=3
POS_SIZE=3
TXC_SIZE=2
Z_OFFSET=0
HULL=-692.026001,-272.336212,2.000000,-673.557129,-294.833313,2.000000,-659.836853,-320.502197,2.000000,-651.390808,-348.355072,2.000000,-648.536194,-377.322632,2.000000,-651.390808,-406.290192,2.000000,-659.836853,-434.143066,2.000000,-673.557129,-459.811951,2.000000,-692.026001,-482.309052,2.000000,-714.527649,-500.777954,2.000000,-740.192017,-514.498230,2.000000,-768.049438,-522.944275,2.000000,-797.012451,-525.798889,2.000000,-714.527649,-253.867310,2.000000,-740.192017,-240.147034,2.000000,-768.049438,-231.700989,2.000000,-797.012451,-228.846375,2.000000,-825.975464,-231.700989,2.000000,-853.832886,-240.147034,2.000000,-879.497253,-253.867310,2.000000,-901.998901,-272.336212,2.000000,-920.467773,-294.833313,2.000000,-934.188049,-320.502197,2.000000,-942.634094,-348.355072,2.000000,-945.488708,-377.322632,2.000000,-942.634094,-406.290192,2.000000,-934.188049,-434.143066,2.000000,-920.467773,-459.811951,2.000000,-901.998901,-482.313568,2.000000,-879.497253,-500.777954,2.000000,-853.832886,-514.498230,2.000000,-825.975464,-522.944275,2.000000
COMMAND=DIR_CONTROL