OBJECT_NAME=input_dpad_rt
OBJECT_TYPE=INPUT_AREA
TEXTURE=uvgrid
NUM_ELEMENTS=36
POS_OFFSET=0
NRM_OFFSET=-1
TXC_OFFSET=12
ELEMENT_STRIDE=20
NRM_SIZE=3
POS_SIZE=3
TXC_SIZE=2
HULL=-654.519592,-374.859619,2.000000,-657.014343,-349.262207,2.000000,-662.761230,-324.648499,2.000000,-672.689026,-301.964386,2.000000,-688.727234,-282.081543,2.000000,-688.727234,-467.637512,2.000000,-672.688965,-447.754700,2.000000,-662.761230,-425.070557,2.000000,-657.014343,-400.456818,2.000000,-797.012329,-374.859497,2.000000,-742.736511,-421.248505,2.000000,-742.736511,-328.470520,2.000000,-732.869751,-374.859497,2.000000
COMMAND=STRAFE_RIGHT