OBJECT_NAME=input_zoom_dn
OBJECT_TYPE=INPUT_AREA
TEXTURE=uvgrid
NUM_ELEMENTS=84
POS_OFFSET=0
NRM_OFFSET=-1
TXC_OFFSET=12
ELEMENT_STRIDE=20
NRM_SIZE=3
POS_SIZE=3
TXC_SIZE=2
HULL=809.034058,-524.338623,1.999903,793.301697,-522.860352,1.999905,778.038025,-518.482361,1.999912,763.702576,-511.372894,1.999923,750.707031,-501.805145,1.999937,739.435669,-490.146820,1.999955,730.270752,-476.845917,1.999975,723.606567,-462.413605,1.999997,717.900940,-447.346283,2.000020,712.284485,-431.945648,2.000043,708.059204,-416.854919,2.000066,705.847412,-402.797699,2.000088,709.295837,-390.501587,2.000106,724.627869,-380.663330,2.000121,893.440247,-380.663330,2.000121,908.772278,-390.501617,2.000106,912.220703,-402.797729,2.000088,910.008911,-416.854950,2.000066,905.783630,-431.945709,2.000043,900.167175,-447.346344,2.000020,894.461487,-462.413666,1.999997,887.797302,-476.845978,1.999975,878.632385,-490.146881,1.999955,867.361023,-501.805237,1.999937,854.365417,-511.372955,1.999923,840.029968,-518.482422,1.999912,824.766296,-522.860413,1.999905,809.034058,-380.663330,2.000121,809.034058,-452.500977,2.000012
COMMAND=TURN_RIGHT