OBJECT_NAME=input_dpad_up
OBJECT_TYPE=INPUT_AREA
TEXTURE=uvgrid
SHADER=tex_shader
NUM_ELEMENTS=36
POS_OFFSET=0
NRM_OFFSET=-1
TXC_OFFSET=12
ELEMENT_STRIDE=20
NRM_SIZE=3
POS_SIZE=3
TXC_SIZE=2
Z_OFFSET=0
HULL=-797.012451,-221.841797,2.000000,-824.966187,-224.566208,2.000000,-851.845703,-230.842133,2.000000,-876.617920,-241.683823,2.000000,-898.331055,-259.198425,2.000000,-695.693909,-259.198334,2.000000,-717.407104,-241.683701,2.000000,-742.179382,-230.842010,2.000000,-769.058899,-224.566177,2.000000,-797.012451,-377.451538,2.000000,-847.671753,-318.179474,2.000000,-746.353210,-318.179413,2.000000,-797.012451,-307.404419,2.000000
COMMAND=WALK_FORWARD