OBJECT_NAME=input_dpad_lt
OBJECT_TYPE=INPUT_AREA
TEXTURE=uvgrid
SHADER=tex_shader
NUM_ELEMENTS=36
POS_OFFSET=0
NRM_OFFSET=-1
TXC_OFFSET=12
ELEMENT_STRIDE=20
NRM_SIZE=3
POS_SIZE=3
TXC_SIZE=2
Z_OFFSET=0
HULL=-952.622192,-377.451172,2.000000,-949.897827,-405.404938,2.000000,-943.622009,-432.284424,2.000000,-932.780396,-457.056763,2.000000,-915.265808,-478.769897,2.000000,-915.265381,-276.132782,2.000000,-932.780029,-297.845825,2.000000,-943.621765,-322.618134,2.000000,-949.897644,-349.497650,2.000000,-797.012451,-377.451630,2.000000,-856.284424,-326.792236,2.000000,-856.284607,-428.110748,2.000000,-867.059509,-377.451477,2.000000
COMMAND=STRAFE_LEFT