OBJECT_NAME=input_updn_up
OBJECT_TYPE=INPUT_AREA
TEXTURE=uvgrid
NUM_ELEMENTS=84
POS_OFFSET=0
NRM_OFFSET=-1
TXC_OFFSET=12
ELEMENT_STRIDE=20
NRM_SIZE=3
POS_SIZE=3
TXC_SIZE=2
HULL=586.546875,-230.499786,2.000000,570.814514,-231.978058,2.000000,555.550842,-236.356064,2.000000,541.215393,-243.465546,2.000000,528.219849,-253.033295,2.000000,516.948486,-264.691620,2.000000,507.783600,-277.992523,2.000000,501.119385,-292.424835,2.000000,495.413757,-307.492157,2.000000,489.797302,-322.892792,2.000000,485.572021,-337.983521,2.000000,483.360229,-352.040741,2.000000,486.808655,-364.336853,2.000000,502.140717,-374.175110,2.000000,670.953064,-374.175110,2.000000,686.285095,-364.336823,2.000000,689.733521,-352.040710,2.000000,687.521729,-337.983490,2.000000,683.296448,-322.892731,2.000000,677.679993,-307.492096,2.000000,671.974304,-292.424774,2.000000,665.310120,-277.992462,2.000000,656.145203,-264.691559,2.000000,644.873840,-253.033218,2.000000,631.878235,-243.465485,2.000000,617.542786,-236.356018,2.000000,602.279114,-231.978043,2.000000,586.546875,-374.175110,2.000000,586.546875,-302.337463,2.000000
COMMAND=FLY_UP