OBJECT_NAME=input_zoom_up
OBJECT_TYPE=INPUT_AREA
TEXTURE=uvgrid
NUM_ELEMENTS=84
POS_OFFSET=0
NRM_OFFSET=-1
TXC_OFFSET=12
ELEMENT_STRIDE=20
NRM_SIZE=3
POS_SIZE=3
TXC_SIZE=2
HULL=809.034058,-230.499786,2.000000,793.301697,-231.978058,2.000000,778.038025,-236.356064,2.000000,763.702576,-243.465546,2.000000,750.707031,-253.033295,2.000000,739.435669,-264.691620,2.000000,730.270752,-277.992523,2.000000,723.606567,-292.424835,2.000000,717.900940,-307.492157,2.000000,712.284485,-322.892792,2.000000,708.059204,-337.983521,2.000000,705.847412,-352.040741,2.000000,709.295837,-364.336853,2.000000,724.627869,-374.175110,2.000000,893.440247,-374.175110,2.000000,908.772278,-364.336823,2.000000,912.220703,-352.040710,2.000000,910.008911,-337.983490,2.000000,905.783630,-322.892731,2.000000,900.167175,-307.492096,2.000000,894.461487,-292.424774,2.000000,887.797302,-277.992462,2.000000,878.632385,-264.691559,2.000000,867.361023,-253.033218,2.000000,854.365417,-243.465485,2.000000,840.029968,-236.356018,2.000000,824.766296,-231.978043,2.000000,809.034058,-374.175110,2.000000,809.034058,-302.337463,2.000000