OBJECT_NAME=touch_area
OBJECT_TYPE=INPUT_AREA
TEXTURE=uvgrid
SHADER=tex_shader
NUM_ELEMENTS=96
POS_OFFSET=0
NRM_OFFSET=12
TXC_OFFSET=-1
ELEMENT_STRIDE=24
NRM_SIZE=3
POS_SIZE=3
TXC_SIZE=2
Z_OFFSET=0
HULL=0.000000,486.267975,0.000000,-175.797073,476.924469,0.000000,-344.838379,449.253021,0.000000,-500.627655,404.317047,0.000000,-637.178162,343.843384,0.000000,-749.242310,270.155975,0.000000,-832.513367,186.086700,0.000000,-883.791504,94.866188,0.000000,-839.020874,-18.374956,0.000000,-672.273193,-135.990082,0.000000,-532.692993,-212.887238,0.000000,-473.351715,-264.557434,0.000000,-429.286804,-318.509155,0.000000,-408.996338,-389.763855,0.000000,-362.965271,-456.286865,0.000000,-175.796844,-476.924500,0.000000,0.000294,-486.267975,0.000000,175.797424,-476.924438,0.000000,362.965881,-456.286743,0.000000,408.996765,-389.763641,0.000000,429.287140,-318.509033,0.000000,473.352081,-264.557251,0.000000,532.693359,-212.887054,0.000000,672.273254,-135.989807,0.000000,839.020935,-18.374531,0.000000,883.791321,94.866676,0.000000,832.513000,186.087204,0.000000,749.241638,270.156525,0.000000,637.177368,343.843811,0.000000,500.626648,404.317413,0.000000,344.837128,449.253296,0.000000,175.795715,476.924591,0.000000,0.000000,0.000253,0.000000
COMMAND=ROTATE_VIEW